// recommended shift: -1

// preface

00000 07 19
00450 16
00900 11
01200 07 19
01650 16
02100 11
02400 07 19
02850 16
03300 11
03600 07 19
04050 16
04500 11
04800 06 18
05250 14
05700 11
06000 06 18
06450 14
06900 11
07200 06 18
07650 14
08100 11
08400 06 18
08850 14
09300 11
09600 07 19
10050 16
10500 11
10800 07 19
11250 16
11700 11
12000 07 19
12450 16
12900 11
13200 07 19
13650 16
14100 11
14400 06 18
14850 15
15300 09
15600 06 18
16050 15
16500 09
16800 06 18
17250 15
17700 09

18000 06 18 #1 30
18450 #0 15 #1 30
18900 #0 09 #1 30

// one

19200 #0 07 19 #1 31
19650 #0 16
20100 11
20400 07 19 #1 23
20850 #0 16
21300 11
21600 07 19 #1 23
22050 #0 16
22500 11 #1 23
22800 #0 07 19 #1 31
23250 #0 16 #1 31
23700 #0 11 #1 31
24000 #0 06 18 #1 30
24450 #0 14
24900 11
25200 06 18 #1 21
25650 #0 14
26100 11
26400 06 18 #1 21
26850 #0 14
27300 11 #1 21
27600 #0 06 18 #1 30
28050 #0 14 #1 30
28500 #0 11 #1 30
28800 #0 07 19 #1 28
29250 #0 16
29700 11
30000 07 19
30450 16
30900 11
31200 07 19
31650 16
32100 11 #1 19
32400 #0 07 19 #1 31
32850 #0 16 #1 31
33300 #0 11 #1 31
33600 #0 06 18 #1 30
34050 #0 15
34500 09
34800 06 18 #1 21
35250 #0 15
35700 09
36000 06 18 #1 21
36450 #0 15
36900 09 #1 21
37200 #0 06 18 #1 30
37650 #0 15 #1 30
38100 #0 09 #1 30
38400 #0 07 19 #1 31
38850 #0 16
39300 11
39600 07 19 #1 23
40050 #0 16
40500 11
40800 07 19 #1 23
41250 #0 16
41700 11 #1 23

42000 #0 07 19 #1 31
42450 #0 16 #1 31
42900 #0 11 #1 31

// two

43200 #0 06 18 #1 30
43650 #0 14
44100 11
44400 06 18 #1 21
44850 #0 14
45300 11
45600 06 18 #1 21
46050 #0 14
46500 11 #1 21
46800 #0 06 18 #1 30
47250 #0 14 #1 30
47700 #0 11 #1 30
48000 #0 07 19 #1 28
48450 #0 16
48900 11
49200 07 19
49650 16
50100 11
50400 07 19
50850 16
51300 11 #1 19
51600 #0 07 19 #1 31
52050 #0 16 #1 31
52500 #0 11 #1 31
52800 #0 06 18 #1 30
53250 #0 15
53700 09
54000 06 18 #1 21
54450 #0 15
54900 09
55200 06 18 #1 21
55650 #0 15
56100 09 #1 21
56400 #0 06 18 #1 33
56850 #0 15 #1 33
57300 #0 09 #1 33
57600 #0 07 19 #1 31
58050 #0 16
58500 11
58800 07 19 #1 23
59250 #0 16
59700 11
60000 07 19 #1 23
60450 #0 16
60900 11 #1 23

61200 #0 07 19 #1 33
61650 #0 16 #1 33
62100 #0 11 #1 33

// three

62400 #0 06 18 #1 30
62850 #0 14
63300 11
63600 06 18 #1 21
64050 #0 14
64500 11
64800 06 18 #1 21
65250 #0 14
65700 11 #1 21
66000 #0 06 18 #1 31
66450 #0 14 #1 31
66900 #0 11 #1 31
67200 #0 07 19 #1 28
67650 #0 16
68100 11
68400 07 19
68850 16
69300 11
69600 07 19
70050 16
70500 11 #1 19
70800 #0 07 19 #1 33
71250 #0 16 #1 33
71700 #0 11 #1 33
72000 #0 06 18 #1 30
72450 #0 15
72900 09
73200 06 18 #1 21
73650 #0 15
74100 09
74400 06 18 #1 21
74850 #0 15
75300 09 #1 21

75600 #0 06 18 #1 30
76050 #0 15 #1 30
76500 #0 09 #1 30

// finish line

76800 #0 04 16 #1 28
