// DRUMS
// recommended speed: 115%

// first

00000 13 20
00500 20
00750 13
01000 17 20
01500 13 20
01750 13
02000 20
02500 13 20
03000 17 20
03500 13 20

04000 13 20
04500 20
04750 13
05000 17 20
05500 13 20
05750 13
06000 20
06250 13
06500 20
06750 13
07000 17 20
07500 13 20

08000 13 20
08500 20
08750 13
09000 17 20
09500 20
10000 20
10500 13 20
11000 17 20
11500 13 20

12000 13 20
12500 20
12750 13
13000 17 20
13500 13 20
13750 13
14000 20
14250 13
14500 20
14750 13
15000 17 20
15250 13
15500 17 20
15750 13

// second

16000 13 20
16500 20
16750 13
17000 17 20
17500 13 20
17750 13
18000 20
18500 13 20
19000 17 20
19500 13 20

20000 13 20
20500 20
20750 13
21000 17 20
21500 13 20
21750 13
22000 20
22250 13
22500 20
22750 13
23000 17 20
23500 20
23750 17
23875 17

24000 13 20
24500 20
24750 13
25000 17 20
25500 20
25750 17
26000 13 20
26250 17
26500 13 20
27000 17 20
27500 13 20

28000 13 20
28500 20
28750 13
29000 17 20
29500 17 20
29750 17
30000 20
30250 17
30500 20
30750 13
31000 17 20
31250 13
31500 17 20
31750 13

// third

32000 13 20
32500 20
32750 13
33000 17 20
33500 13 20
33750 13
34000 20
34500 13 20
35000 17 20
35500 13 20

36000 13 20
36500 20
36750 13
37000 17 20
37500 13 20
37750 13
38000 20
38250 13
38500 20
38750 13
39000 17 20
39500 13 20

40000 13 20
40500 20
40750 13
41000 17 20
41500 13 20
41750 13
42000 20
42500 13 20
43000 17 20
43500 20
43750 17
43875 17

44000 13 20
44500 20
44750 13
45000 17 20
45500 20
45750 17
46000 13 20
46250 17
46500 13 20
46750 13
47000 17 20
47250 13
47500 17 20
47750 13
48000 13 20
