// one
    0 19 #1 03 #0
  250 15 
  500 24
  750 19
 1000 27 #1 07 #0
 1250 24
 1500 31
 1750 27 #1 12 #0
 2000 36 #1 12 #0
 2250 31
 2500 31
 2750 27
 3000 27
 3250 24
 3500 24
 3750 19
// two
 4000 14 #1 02 #0
 4250 10
 4500 19
 4750 14
 5000 22 #1 07 #0
 5250 19
 5500 26
 5750 22 #1 10 #0
 6000 31 #1 10 #0
 6250 26
 6500 26
 6750 22
 7000 22
 7250 19
 7500 19
 7750 14
// three
 8000 15 #1 03 #0
 8250 12
 8500 20
 8750 15
 9000 24 #1 08 #0
 9250 20
 9500 27
 9750 24 #1 12 #0
10000 32 #1 12 #0
10250 27
10500 27
10750 24
11000 24
11250 20
11500 20
11750 15
// four
12000 14 #1 02 #0
12250 10
12500 19
12750 14
13000 22 #1 07 #0
13250 19
13500 26
13750 22 #1 10 #0
14000 31 #1 10 #0
14250 26
14500 26
14750 22
15000 22
15250 19
15500 19
15750 14
// ...