// recommended shift: +7

// preface

00000 03
00220 08
00440 11
00660 15

00880 03
01100 08
01320 11
01540 15

01760 03
01980 08
02200 11
02420 15

02640 03
02860 08
03080 11
03300 15

// one

03520 03
03740 08
03960 11
04180 15

04400 03 #1 27 #0
04620 08
04840 11 #1 25 #0
05060 15

05280 03 #1 27 #0
05500 08
05720 11
05940 15

06160 03 #1 23 #0
06380 08
06600 11
06820 15

07040 04 #1 22 #0
07260 08
07480 11 #1 23 #0
07700 15

07920 04 #1 25 #0
08140 08
08360 11
08580 15

08800 04
09020 08
09240 11
09460 15

09680 04
09900 08
10120 11
10340 15

10560 06 #1 22 #0
10780 10
11000 11 #1 23 #0
11220 15

11440 06 #1 25 #0
11660 10
11880 11
12100 15

12320 06
12540 10
12760 11
12980 15

13200 06 #1 27 #0
13420 10
13640 11
13860 15

14080 04 #1 23 #0
14300 08
14520 11
14740 15

14960 04
15180 08
15400 11
15620 15

15840 04
16060 08
16280 11
16500 15

16720 04
16940 08
17160 11
17380 15

// two

17600 03
17820 08
18040 11
18260 15

18480 03 #1 27 #0
18700 08
18920 11 #1 25 #0
19140 15

19360 03 #1 27 #0
19580 08
19800 11
20020 15

20240 03 #1 23 #0
20460 08
20680 11
20900 15

21120 04 #1 22 #0
21340 10
21560 11 #1 23 #0
21780 15

22000 04 #1 25 #0
22220 10
22440 11
22660 15

22880 04
23100 10
23320 11
23540 15

23760 04
23980 10
24200 11
24420 15

24640 01 #1 23 #0
24860 08
25080 11 #1 25 #0
25300 15

25520 01 #1 27 #0
25740 08
25960 11 #1 23 #0
26180 15

26400 01 #1 22 #0
26620 08
26840 11
27060 15

27280 01 #1 23 #0
27500 08
27720 11
27940 15

28160 03 #1 20 #0
28380 08
28600 11
28820 15

29040 03
29260 08
29480 11
29700 15

29920 03
30140 08
30360 11
30580 15

30800 03 #1 23 #0
31020 08
31240 11
31460 15

// three

31680 03 #1 20 #0
31900 08
32120 11
32340 15

32560 03 #1 27 #0
32780 08
33000 11 #1 25 #0
33220 15

33440 03 #1 27 #0
33660 08
33880 11
34100 15

34320 03 #1 28 #0
34540 08
34760 11
34980 15

35200 01 #1 25 #0
35420 08
35640 11
35860 15

36080 01 #1 16 #0
36300 08
36520 11
36740 15

36960 01
37180 08
37400 11
37620 15

37840 01 #1 23 #0
38060 08
38280 11
38500 15

38720 04
38940 08
39160 11
39380 15

39600 04 #1 25 #0
39820 08
40040 11 #1 23 #0
40260 15

40480 04 #1 25 #0
40700 08
40920 11
41140 15

41360 04 #1 27 #0
41580 08
41800 11
42020 15

42240 06 #1 22 #0
42460 10
42680 11
42900 15

43120 06
43340 10
43560 11
43780 15

44000 06
44220 10
44440 11
44660 15

44880 06
45100 10
45320 11
45540 15

// four

45760 07
45980 10
46200 11
46420 15

46640 07 #1 22 #0
46860 10
47080 11 #1 23 #0
47300 15

47520 07 #1 25 #0
47740 10
47960 11
48180 15

48400 07 #1 22 #0
48620 10
48840 11
49060 15

49280 08 #1 23 #2 -4 #0
49500 10
49720 11 #1 22 #0
49940 15

50160 03 #1 20 #2 -2 #0
50380 10
50600 11 #1 23 #0
50820 15

51040 04 #1 22 #2 -1 #0
51260 10
51480 11
51700 15

51920 01 #1 18 #2 -6 #0
52140 10
52360 11
52580 15

52800 03 #1 20 #2 -4 #0
53020 08
53240 11
53460 15

53680 03
53900 08
54120 11
54340 15

54560 03
54780 08
55000 11
55220 15

55440 03 #1 22 #0
55660 08
55880 11
56100 15

56320 03 #1 22 #0
56540 07
56760 10
56980 15

57200 03
57420 07
57640 10
57860 15

58080 03
58300 07
58520 10
58740 15

58960 03
59180 07
59400 10
59620 15

// finale

59840 03
60060 08
60280 11
60500 15

60720 03 #1 27 #0
60940 08
61160 11 #1 25 #0
61380 15

61600 03 #1 27 #0
61820 08
62040 11 #1 23 #0
62260 15

62480 03 #1 25 #0
62700 08
62920 11 #1 28 #0
63140 15

63360 03 #1 27 #0
63580 08
63800 11 #1 22 #0
64020 15

64240 03 #1 23 #0
64460 08
64680 11 #1 25 #0
64900 15

65120 03 #1 27 #0
65340 08
65560 11 #1 20 #0
65780 15

66000 03 #1 22 #0
66220 08
66440 11 #1 23 #0
66660 15

66880 03 #1 25 #0
67100 08
67320 11 #1 18 #0
67540 15

67760 03 #1 20 #0
67980 08
68200 11 #1 22 #0
68420 15

68640 03 #1 23 #0
68860 08
69080 11
69300 15

69520 03
69740 08
69960 11
70180 15

70400 03
70620 08
70840 11
71060 15

71280 03
71500 08
71720 11
71940 15

// there should be 2 more but meh
