
// main theme - base

00000 08 27
00460 20
00690 15
00920 27
01380 04 25
01840 20
02070 15
02300 23
02760 06 22
03220 18
03450 15
03680 22
04140 03 22
04600 23
04830 15
05060 25

05520 08 27
05980 20
06210 15
06440 27
06900 04 25
07360 20
07590 15
07820 23
08280 06 22
08740 18
08970 15
09200 22
09660 01 22
10120 23
10350 15
10580 25

// with high variation 1

11040 08 27
11500 20
11730 15
11960 27
12190 #1 34
12420 #0 04 25
12880 20
13110 15
13340 23
13570 #1 32
13800 #0 06 22
14260 18
14490 15
14720 22
14950 #1 30
15180 #0 03 22
15640 23
15870 15
16100 25

// with ramp up

16560 08 27
17020 20
17250 15
17480 27
17710 #1 34
17940 #0 04 25
18400 20
18630 15
18860 23
19090 #1 32
19320 #0 06 22
19780 18
20010 15
20240 22
20470 #1 30
20700 #0 03 22
20930 #1 30
21160 #0 23
21390 #1 32
21620 #0 25
21850 #1 34

// this is not original, adapted to current piano
// skip the second part of the ramp, go straight to next part

22080 30

// intermission

22310 #0 23 32
22770 27 35
23230 25 34
23690 23 32
24380 22 27
25300 11 15
25760 15 18
26220 13 16
26680 11 15
27370 10 13

// theme alt 1

28290 08 27
28750 20
28980 15
29210 27
29670 04 25
30360 15 23
31050 06 22
31740 15
32430 03 #1 30
32890 #0 13
33120 11
33350 10
33580 11

// theme alt 2

33810 08 32
34270 27
34500 15
34730 32
35190 04 30
35880 15 28
36570 06 27
37260 15
37720 #1 16
37950 #0 03 #1 22
38410 #0 13
38640 11
38870 10
39100 11

// theme alt 3

39330 08 23
39790 20
40020 15
40250 23
40710 04 22
41400 15 20
42090 06 18
42780 15

// ramp up

43470 10 25
43930 15
44160 11
44390 13 23
44620 15 25
44850 16 27
45540 25 28
45770 23 27

// ramp down

46460 28 32
47150 27 30
47380 27
47610 25
47840 23 27
48070 22
48300 20
48530 18 22 25
48760 16
48990 15
49220 13
49450 11
49680 10

// intermission

49910 20 23
50370 20 23
50830 18 22
51290 16 20
51980 16

// ramp up

52670 06 10 15
52900 10
53130 13
53360 15
53590 16
53820 18
54050 20
54280 22
54510 23
54740 25
54970 27
55200 28

// low theme

55430 08 27
56120 15
56810 04
57500 15
58190 06
58880 15
59570 03
60030 13 #1 32 #0
60260 11
60490 10
60720 11

60950 08 #1 30 #0
61640 15 #1 25 #0
62330 04 #1 34 #0
63020 15
63480 #1 35 #0
63710 06 #1 34 #0
64400 15
65090 01
65550 13
65780 11
66010 10
66240 11

// main theme - base

66470 08 27
66930 20
67160 15
67390 27
67850 04 25
68310 20
68540 15
68770 23
69230 06 22
69690 18
69920 15
70150 22
70610 03 22
71070 23
71300 15
71530 25

71990 08 27
72450 20
72680 15
72910 27
73370 04 25
73830 20
74060 15
74290 23
74750 06 22
75210 18
75440 15
75670 22
76130 01 22
76590 23
76820 15
77050 25

// with high variation 1

77510 08 27
77970 20
78200 15
78430 27
78660 #1 34
78890 #0 04 25
79350 20
79580 15
79810 23
80040 #1 32
80270 #0 06 22
80730 18
80960 15
81190 22
81420 #1 30
81650 #0 03 22
82110 23
82340 15
82570 25

// with ramp up

83030 08 27
83490 20
83720 15
83950 27
84180 #1 34
84410 #0 04 25
84870 20
85100 15
85330 23
85560 #1 32
85790 #0 06 22
86250 18
86480 15
86710 22
86940 #1 30
87170 #0 03 22
87400 #1 30
87630 #0 23
87860 #1 32
88090 #0 25
88320 #1 34

// same drill
88550 30

// end

88780 #0 23 32
89240 27 35
89700 25 34
90160 23 32
90850 22 27
91770 11 27
92460 15 30
93035 13 28
93610 11 27
94530 10 25
95565 08 11 20
