00000 10
00230 15
00460 18
00690 22
00920 10 34
01150 15
01380 18 32
01610 22
01840 10 34
02070 15
02300 18
02530 22
02760 10 30
02990 15
03220 18
03450 22
03680 11 29
03910 15
04140 18 30
04370 22
04600 11 32
04830 15
05060 18
05290 22
05520 11
05750 15
05980 18
06210 22
06440 11
06670 15
06900 18
07130 22
07360 13 29
07590 17
07820 18 30
08050 22
08280 13 32
08510 17
08740 18
08970 22
09200 13
09430 17
09660 18
09890 22
10120 13 34
10350 17
10580 18
10810 22
11040 11 30
11270 15
11500 18
11730 22
11960 11
12190 15
12420 18
12650 22
12880 11
13110 15
13340 18
13570 22
13800 11
14030 15
14260 18
14490 22
14720 10
14950 15
15180 18
15410 22
15640 10 34
15870 15
16100 18 32
16330 22
16560 10 34
16790 15
17020 18
17250 22
17480 10 30
17710 15
17940 18
18170 22
18400 11 29
18630 17
18860 18 30
19090 22
19320 11 32
19550 17
19780 18
20010 22
20240 11
20470 17
20700 18
20930 22
21160 11
21390 17
21620 18
21850 22
22080 08 30
22310 15
22540 18 32
22770 22
23000 08 34
23230 15
23460 18 30
23690 22
23920 08 29
24150 15
24380 18
24610 22
24840 08 30
25070 15
25300 18
25530 22
25760 10 27
25990 15
26220 18
26450 22
26680 10
26910 15
27140 18
27370 22
27600 10
27830 15
28060 18
28290 22
28520 10 30
28750 15
28980 18
29210 22
29440 10 27
29670 15
29900 18
30130 22
30360 10 34
30590 15
30820 18 32
31050 22
31280 10 34
31510 15
31740 18
31970 22
32200 10 35
32430 15
32660 18
32890 22
33120 08 32
33350 15
33580 18
33810 22
34040 08 23
34270 15
34500 18
34730 22
34960 08
35190 15
35420 18
35650 22
35880 08 30
36110 15
36340 18
36570 22
36800 11
37030 15
37260 18
37490 22
37720 11 32
37950 15
38180 18 30
38410 22
38640 11 32
38870 15
39100 18
39330 22
39560 11 34
39790 15
40020 18
40250 22
40480 13 29
40710 17
40940 18
41170 22
41400 13
41630 17
41860 18
42090 22
42320 13
42550 17
42780 18
43010 22
43240 13
43470 17
43700 18
43930 22
44160 14
44390 17
44620 18
44850 22
45080 14 29
45310 17
45540 18 30
45770 22
46000 14 32
46230 17
46460 18
46690 22
46920 14 29
47150 17
47380 18
47610 22
47840 15 30
48070 17
48300 18 29
48530 22
48760 15 27
48990 17
49220 18 30
49450 22
49680 15 29
49910 17
50140 18
50370 22
50600 15 25
50830 17
51060 18
51290 22
51520 10 27
51750 15
51980 18
52210 22
52440 10
52670 15
52900 18
53130 22
53360 10
53590 15
53820 18
54050 22
54280 10 29
54510 15
54740 18
54970 22
55200 10 29
55430 14
55660 17
55890 22
56120 10
56350 14
56580 17
56810 22
57040 10
57270 14
57500 17
57730 22
57960 10
58190 14
58420 17
58650 22
58880 10
59110 15
59340 18
59570 22
59800 10 34
60030 15
60260 18 32
60490 22
60720 10 34
60950 15
61180 18 30
61410 22
61640 10 32
61870 15
62100 18 35
62330 22
62560 10 34
62790 15
63020 18 29
63250 22
63480 10 30
63710 15
63940 18 32
64170 22
64400 10 34
64630 15
64860 18 27
65090 22
65320 10 29
65550 15
65780 18 30
66010 22
66240 10 32
66470 15
66700 18 25
66930 22
67160 10 27
67390 15
67620 18 29
67850 22
68080 10 30
68310 15
68540 18
68770 22
69000 10
69230 15
69460 18
69690 22